0.0851803943514823913574218750000000000000000000000000000000000000000000
0.0851804603762146152310004432184342704204027540981769561767578125000000
0.0086477063596248626708984375000000000000000000000000000000000000000000
0.0086478365947457561529749647116771527066703129094094038009643554687500
0.0008658548467792570590972900390625000000000000000000000000000000000000
0.0008660829860884393141291674527663252414200201201310846954584121704102
0.0000868436400196515023708343505859375000000000000000000000000000000000
0.0000866212920176690629710154225012058715194029900885652750730514526367
0.0000091903493739664554595947265625000000000000000000000000000000000000
0.0000086622591357783195928959956095063987824289597483584657311439514160
0.0000009293611924476863350719213485717773437500000000000000000000000000
0.0000008662272128259604584019963341118237632257348401765284506836906075
0.0000007228364893308025784790515899658203125000000000000000000000000000
0.0000000866227341847776870571308651112327659134237922700094713945873082
0.0000007228364893308025784790515899658203125000000000000000000000000000
0.0000000086622810487097616454634553985468738851200704020882881195575465
0.0000007228364893308025784790515899658203125000000000000000000000000000
0.0000000008662404360399431305143235573282633619197315617832533263253936
