0.6263833642005920410156250000000000000000000000000000000000000000000000
0.6263831609742082843876598285959289569291286170482635498046875000000000
0.5822082161903381347656250000000000000000000000000000000000000000000000
0.5822073316515288927096294369079032549052499234676361083984375000000000
0.5777159929275512695312500000000000000000000000000000000000000000000000
0.5777155815682078593940873556533688315539620816707611083984375000000000
0.5772591829299926757812500000000000000000000000000000000000000000000000
0.5772656640681995340869114841098053148016333580017089843750000000000000
0.5771929621696472167968750000000000000000000000000000000000000000000000
0.5772206648931995469353761762931753764860332012176513671875000000000000
0.5757419466972351074218750000000000000000000000000000000000000000000000
0.5772161649014498100915271372457482357276603579521179199218750000000000
-0.1180956512689590454101562500000000000000000000000000000000000000000000
0.5772157149015327819857601454600626311730593442916870117187500000000000
-2.4206807613372802734375000000000000000000000000000000000000000000000000
0.5772156699015386187301412945771517115645110607147216796875000000000000
-4.7232656478881835937500000000000000000000000000000000000000000000000000
0.5772156654015342495955831481069253641180694103240966796875000000000000
