0.0851809084415435791015625000000000000000000000000000000000000000000000
0.0851804603762146591818460103495702639975206693634390830993652343750000
0.0086494619026780128479003906250000000000000000000000000000000000000000
0.0086478365947458387996736942082698362810333492234349250793457031250000
0.0008668875088915228843688964843750000000000000000000000000000000000000
0.0008660829860885264686843026775420195662036348949186503887176513671875
0.0000754847860662266612052917480468750000000000000000000000000000000000
0.0000866212920177727468513381678145036240978882347008038777858018875122
0.0000392396941606421023607254028320312500000000000000000000000000000000
0.0000086622591359060461113429438877934878060482759565275046043097972870
0.0025530585553497076034545898437500000000000000000000000000000000000000
0.0000008662272134104971170286301622729595263081026068618939461885020137
1.2045953273773193359375000000000000000000000000000000000000000000000000
0.0000000866227355852614039072727255713735690541288381183449018863029778
5.1937203407287597656250000000000000000000000000000000000000000000000000
0.0000000086622835401282193022791872186127091462395227727810720352863427
9.1828451156616210937500000000000000000000000000000000000000000000000000
0.0000000008662297550976047529022885917943871179165097468066747410375683
