0.0851808115839958190917968750000000000000000000000000000000000000000000
0.0851804603762146588091515135576781148074587690643966197967529296875000
0.0086468802765011787414550781250000000000000000000000000000000000000000
0.0086478365947458372970372457791410347738292330177500844001770019531250
0.0008675070712342858314514160156250000000000000000000000000000000000000
0.0008660829860885279713736906658742148445995212568959686905145645141602
0.0000835392493172548711299896240234375000000000000000000000000000000000
0.0000866212920177667361930478879920858314989118298399262130260467529297
0.0000207557332032592967152595520019531250000000000000000000000000000000
0.0000086622591358970301222531629290607435578408512810710817575454711914
0.0001295942638535052537918090820312500000000000000000000000000000000000
0.0000008662272129461736529521190686853874445352841071610328071983531117
0.0160766057670116424560546875000000000000000000000000000000000000000000
0.0000000866227344462413852656863587502108483770490998665536608314141631
0.3291284143924713134765625000000000000000000000000000000000000000000000
0.0000000086622735083371316540310625965133365582009072891622736278804950
4.3182539939880371093750000000000000000000000000000000000000000000000000
0.0000000008662286761841834029875442777471316703607616578619587954790404
