0.6263830661773681640625000000000000000000000000000000000000000000000000
0.6263831609742082590173289924351252011547330766916275024414062500000000
0.5822072029113769531250000000000000000000000000000000000000000000000000
0.5822073316515288450047338475457081585773266851902008056640625000000000
0.5777153968811035156250000000000000000000000000000000000000000000000000
0.5777155815682078090871065523259630936081521213054656982421875000000000
0.5772657394409179687500000000000000000000000000000000000000000000000000
0.5772656640681994742389515629099605575902387499809265136718750000000000
0.5772209167480468750000000000000000000000000000000000000000000000000000
0.5772206648931994732096284472788738639792427420616149902343750000000000
0.5772161483764648437500000000000000000000000000000000000000000000000000
0.5772161649014494726878110597567683726083487272262573242187500000000000
0.5772151947021484375000000000000000000000000000000000000000000000000000
0.5772157149015319736046203402679566352162510156631469726562500000000000
0.5772151947021484375000000000000000000000000000000000000000000000000000
0.5772156699015371806443797098040704440791159868240356445312500000000000
0.5772151947021484375000000000000000000000000000000000000000000000000000
0.5772156654015404148028167696793389040976762771606445312500000000000000
