0.6263833045959472656250000000000000000000000000000000000000000000000000
0.6263831609742082843876598285959289569291286170482635498046875000000000
0.5822076797485351562500000000000000000000000000000000000000000000000000
0.5822073316515288935769911748963068021112121641635894775390625000000000
0.5777230262756347656250000000000000000000000000000000000000000000000000
0.5777155815682078619961725696185794731718488037586212158203125000000000
0.5772724151611328125000000000000000000000000000000000000000000000000000
0.5772656640681995635772105757155259198043495416641235351562500000000000
0.5779256820678710937500000000000000000000000000000000000000000000000000
0.5772206648931994862200545171049270720686763525009155273437500000000000
0.5418472290039062500000000000000000000000000000000000000000000000000000
0.5772161649014492506432061347254602878820151090621948242187500000000000
-0.7144126892089843750000000000000000000000000000000000000000000000000000
0.5772157149015315884960086734167816757690161466598510742187500000000000
-3.0169982910156250000000000000000000000000000000000000000000000000000000
0.5772156699015407680525280298411416879389435052871704101562500000000000
-5.3195838928222656250000000000000000000000000000000000000000000000000000
0.5772156654015350059350186739948185277171432971954345703125000000000000
