0.0851808115839958190917968750000000000000000000000000000000000000000000
0.0851804603762146591818460103495702639975206693634390830993652343750000
0.0086485324427485466003417968750000000000000000000000000000000000000000
0.0086478365947458403023101426373986377882374654291197657585144042968750
0.0008790724677965044975280761718750000000000000000000000000000000000000
0.0008660829860885309766995270833352116301995238245581276714801788330078
0.0000984090293059125542640686035156250000000000000000000000000000000000
0.0000866212920178238374567317136556911932876445803231035824865102767944
0.0012301644310355186462402343750000000000000000000000000000000000000000
0.0000086622591358008595664476286188912870778189301290694857016205787659
0.0612741261720657348632812500000000000000000000000000000000000000000000
0.0000008662272124412782357485457645642043696121437079682436888106167316
2.2376878261566162109375000000000000000000000000000000000000000000000000
0.0000000866227335175944571385135657173487996711436220920177220250479877
6.2268133163452148437500000000000000000000000000000000000000000000000000
0.0000000086622872637319213991599488886821789308595107015342762224463513
10.2159395217895507812500000000000000000000000000000000000000000000000000
0.0000000008662310654214256680863137369363025694262770738662826630616109
