0.6263833045959472656250000000000000000000000000000000000000000000000000
0.6263831609742082841708193940988280701276380568742752075195312500000000
0.5822067260742187500000000000000000000000000000000000000000000000000000
0.5822073316515288918422676989194997076992876827716827392578125000000000
0.5777163505554199218750000000000000000000000000000000000000000000000000
0.5777155815682078602614490936417723787599243223667144775390625000000000
0.5772638320922851562500000000000000000000000000000000000000000000000000
0.5772656640681995306174645321561911259777843952178955078125000000000000
0.5772275924682617187500000000000000000000000000000000000000000000000000
0.5772206648931995417312057483627540932502597570419311523437500000000000
0.5771408081054687500000000000000000000000000000000000000000000000000000
0.5772161649014495420767500988290521490853279829025268554687500000000000
0.5679359436035156250000000000000000000000000000000000000000000000000000
0.5772157149015321245255627502501738490536808967590332031250000000000000
0.3872375488281250000000000000000000000000000000000000000000000000000000
0.5772156699015328282231784839950705645605921745300292968750000000000000
-1.9153480529785156250000000000000000000000000000000000000000000000000000
0.5772156654015336268298552724331784702371805906295776367187500000000000
