1
1103527590
2524885223
662824084
3295386429
4182499122
2516284547
3655513600
2633739833
3210001534
267834847
180171308
836760821
595337866
2937909499
2111915288
3297241969
3791773014
3535774167
3794901700
3823029677
3914758370
2473755763
1343201072
675780521
744964398
1969681615
1116175964
3008955749
1303003706
3834121963
4147913800
4015624929
4008331270
1448521415
3776134388
3397090333
835903122
2911203427
2577478752
1775811865
3040629214
995405759
2102736524
271520213
456633834
2058258651
3731173240
3025925713
3822763702
1627576247
2054802212
2207819405
684462146
3772987475
2669311376
1266032265
2240736910
4200531631
685333180
2274957893
948921754
1964990155
1228891816
2402686401
1223573862
541269159
3212330324
508382461
1024265714
872078403
4022231744
916896761
2916751166
820312479
92728044
344858293
3269224778
1495896251
208521688
3008295217
1660932118
2673245591
2883693444
493907821
2787170210
2801490995
4052745200
2226230633
3545811950
856000655
1452336924
3720683301
4161386746
500965035
3948108040
2077067425
3819596486
3074161287
1447624116
3885567453
340946258
601077795
290603296
4003310297
3758492830
446673791
300568396
2780109717
3871495338
470157467
3356693560
3684228113
2571702646
4273116023
536951780
924723277
1621937922
1848832019
4069012048
4247911497
2996623694
3075635823
273032060
982848517
510737498
4264971915
3549428584
3445091201
519488550
3124316263
3843909140
2316746429
1023081650
327681027
2675232640
2029357497
3466080766
2122112351
1024943020
3864791157
1598124042
2965106811
3178040984
3279009521
2358149846
3423541591
745569348
2455359789
3821532770
1526854643
3105560752
3660534569
204674734
2067651663
3331395548
3737188581
1243475898
1369828971
3826077128
403521121
648760710
2754807367
1468890740
2776522653
3361651730
898613219
2805861856
3102103705
1214809950
1047820095
1302734860
3040535893
280083306
549668955
2224273656
2098299345
245900342
811863863
3536284836
752577037
1187663298
769681363
3361779472
1021417993
351503374
3468668463
369732668
3338718661
627561242
1872952907
3940765736
1814397249
4070573798
3424728103
1160857300
361230461
1406511986
1482877891
2714106944
2376603513
1750011070
2558427423
909024364
2903093813
3949672138
2442399803
2711556952
2528132273
3178100118
816411927
3231583492
1079702253
755750178
1128680371
259061104
1115738345
1303781742
1573908495
3343382684
2886505125
1722214010
3416620587
2720662152
1440265249
1185738822
1694224903
4053843764
4058739037
146262738
3866724259
1948555936
3530737241
2502148638
647166719
357089484
612396821
3955614250
1151748123
2225544632
444983185
45610742
2916567799
1334599012
1116761037
3320089730
2477498259
3915639760
71628745
2203250382
812032495
3471045884
43796357
3493013978
4112870923
2952357096
3713980161
2997488038
2109399015
1282664340
2388714045
2623347250
3863712643
1869736192
1585341753
2176755582
3735676127
898405676
777460725
437894538
2540826619
2311313432
2395636337
341715030
1692766423
2234146244
3845379245
3433853922
3012060019
491885104
2540048041
3466718254
2860237775
1299554652
4217891941
811900218
2543504875
2791929672
2263869921
2456769286
22437319
4047683572
2057323293
1344117138
4199616355
1355147104
84079641
754433246
314261183
227678604
2571483349
2327759082
57608155
4178395768
4122348881
4097345974
4006364855
319819300
368913805
2293992258
3545536339
3729909904
219944329
2491095438
2349290927
2408906172
2200404293
1637040282
2055052747
59914664
1388571841
232049766
3066448807
665143380
2187432957
4048636146
1627519811
1094227392
2503504633
3785818686
1891567775
1072778732
4026811829
1577911370
504729531
110845144
3447752753
1881086742
3229838487
1456828036
4272191085
3446264482
3213376307
3413962480
1923026025
2243327726
4043397007
232393244
1116931621
1243026426
2168839595
831237128
3172130721
414348742
1090693511
3811803316
2908542173
3645909074
4107687715
3588355104
3663127001
916748190
44909183
2604806732
2034942613
3227283370
2564655003
3532007224
274854673
568974454
721617527
1511161572
81899341
4195305986
3768274707
4025132368
3508990793
2670462030
1365363055
1826408060
2657254149
3695712090
2875952523
2255343208
3189031553
1927302950
520320871
3280300308
1061815741
3983685554
742793987
265945728
2610315449
247995646
780004447
438093484
936456053
3926199050
1094643579
1759879576
882003441
1869663702
1531119703
3529457476
3396130861
4194562402
990237427
3266513840
770427433
699646382
2166401871
2100638428
3075334117
377375418
342273387
1146134728
3389101409
2822133894
2881533255
338887028
3084986013
2668590866
432627427
1547223264
2620297113
2565468766
3056141887
3810069260
3931081813
526308970
11650907
3251751928
743020753
2324426550
1513848375
559132580
754839821
1151322306
1866450643
653140496
2317717769
3123031822
2956328239
997936956
1779250373
51490330
4088347979
2571903784
3507574849
277647846
506618663
3436464596
3537516413
3951027826
1809320643
2484481856
2606222969
1340209086
3081146399
1221525356
192796981
2965492170
3702394683
3244467800
1707070385
1897087126
216294423
1418186756
1179449837
3711619106
3116444339
1806952560
3809232873
827968622
1788460815
3494321052
1331198373
3092922746
2629647659
2675463560
1065093921
3485137734
2303754503
2432778804
2280470621
1545307602
1827284643
4236922272
1414135129
4203228446
2901314047
3386287052
3524531733
4203085098
4138452763
934293688
3408723601
3974021622
875936247
630431844
1813115597
1395459970
4076994195
1276927696
836234953
3156744654
2554589423
2419103740
3152522885
1487930586
2131275019
1559050216
4252610049
3583612070
3692236519
2958158484
181545277
104486194
58176131
1185750016
2117934137
2880737918
1811477471
281540652
818561781
1694718090
2351099643
3771886360
3267959153
2479256406
1831305175
4195295428
805624749
3251531490
2407154291
4013917488
1807779241
3546847022
2100073167
4224697436
3228750693
309000250
638160107
3284322888
1866612961
3724566022
3782347975
643711732
3410037277
2335462546
2985864803
2409011808
3429444377
3258918878
649973183
4097506444
3596115925
1687282666
4136339163
1692489080
785130577
3349304502
816952759
3818017060
1608365197
3497461314
2678191699
3895810960
2180910217
1005798542
3108742319
3216810172
699525189
534977434
959962315
2987461800
1963836353
1892112230
1080392359
2596162388
1962007293
409043954
2531596867
1616824512
3993381369
3909086526
1798641567
1992798444
762735797
2039062346
2875035323
1475669976
1835933489
3058329110
3553385367
2679452036
89423213
2994654626
3488684595
907403760
1640530793
111157742
1217996431
3029282076
2153573669
3346034426
2081135787
4059037448
1796486817
3787882694
2078627975
1628046260
4020018141
1729749842
1823798819
2921178912
2387351769
382657182
592892287
3339064652
1557948821
809667242
1007748763
975518264
1491536401
1503045494
2272227703
2551169508
1713452621
658359554
1759489555
1140398160
4099402313
2420584270
2198673519
3739183484
153870853
1533735514
3455896715
964141416
697145729
1356192294
4075398759
2027514900
1593396413
3166007986
2313175555
3656070528
1416820665
2391017470
2501573471
1066281388
1195529845
555001354
1444802171
2005546136
1198449905
2002720982
1486026583
3795452484
66838317
2047601762
1323676147
3908501168
518275369
2176871598
480213583
1866814940
3302409957
975873466
713256043
717222856
78769249
2848809862
3765068871
2378466420
583003549
3935056402
3772710371
2967434208
3820144281
3740753246
1652135231
1727524364
2338337621
4032295274
3271312987
1748754168
188592081
2709240374
808381751
1070330532
2627500045
2185315266
41625043
1747424528
3265628169
3487816206
625495087
3260609084
1880464325
3456600346
2836888651
1407252008
3434688321
2760187110
1532989991
4150480084
3601366653
1307976050
2697667
1813144128
3678635385
3808486078
2305466143
4024132204
2213412917
1315204298
1747193403
1347565912
4069223089
902073238
3543880471
509448964
700121325
2738211618
2685929907
1889721200
3167993577
3146348398
150965775
1622294172
2208325797
2371460218
2100362283
787654792
3453706785
3302295110
1455501319
3108881716
1382743901
3494592722
305579427
2963013792
3596432473
3245905950
1676024063
3100673740
1201913109
4153546794
1192052251
1608860600
3348108689
1578208502
3803195639
2542199652
3775887821
3426845314
3761528211
494981584
3869697481
3515434190
2411544559
4276697852
875500933
4202225626
4131908619
571280104
3494937857
1519722406
2709994983
2199645588
2847895613
3873673266
3716141443
2408861440
1815597881
3979771262
2816738015
3429849900
2839112181
3023631242
2100293115
3003973144
3498291313
272285270
3682954967
1893721028
877781677
2025613794
390603123
4124670000
358022313
3938140718
3715719631
2106976092
1920580197
2747093818
2144619499
2135432520
407934945
2174576902
3869883335
2959459828
744345885
2467762066
3296480611
2249411936
806052377
621974238
1734106303
1632624524
929498837
1487994602
1141114331
1373726840
3483253585
236462006
380839095
469799972
3510254477
2952692034
902518099
3972320912
438043529
737636238
1915483055
3914351548
3946336069
595523226
2706250699
2226905000
1712560833
566616678
2904598951
1220759124
1711153661
1648213746
3315874115
2100362176
2970607865
1944377406
273098399
3658093548
1021612981
3310500426
4043410875
813335256
51885617
3850481942
3375450775
3061904516
2709554285
90163362
3358980403
1633342704
3257793129
102092014
701298063
2058375196
119723045
538298874
4264385451
1551913480
4124151201
4008086470
1474561927
4291593908
509108957
1840225874
2070910243
3389348384
2055032793
814042526
1822187647
3308648524
3228176533
3866404266
4120937883
787500344
623386897
4031738486
66576503
167314660
3403464013
2553823234
4143975699
515083088
3603226953
904813134
1012164463
2521697404
3941681413
1272565082
1441401739
481129576
2143449217
1758946598
636212583
890859284
1495569341
1522838962
475422979
766011520
327921337
4258001662
2723416671
3714813100
2226093429
3027255562
3747147131
425379736
1812429809
1415144406
3019826775
2348860740
2936464941
333440866
2258735347
1541861808
488159273
3294173102
1035618639
3435231452
2002496997
1696792762
2214341483
3344647880
941507425
3681578630
842011463
4097967988
1444590749
1523903762
2060492003
3576833760
4285726105
3398486110
862331967
155373836
141351509
865930346
1470285147
2815554040
2314061521
58164534
2721995831
1580217764
3954638605
2947464898
3616703699
3154970640
1449230089
103679246
502700847
3668088124
1226441413
910779418
2145106763
1252116776
3474785857
1586079718
1940439335
4108210132
2431829373
725113970
89540803
1505400128
3177921657
3517697470
4257918495
1532216684
2254055221
1951598538
603327803
2121124952
2903703985
3145848470
1940800023
1310676484
1520764909
788317730
3863668915
1312673392
1071068649
2621776494
687955215
2827575708
3101968293
2510616442
1560329003
2157509512
1895217441
3590000966
3175997191
2592491572
3244607069
356973522
3328140451
3227104160
3366742873
2582971166
997828607
305555916
4113523733
2464822058
634045723
759584440
2142186641
105928694
2839975927
3580241508
294191309
3777101186
1262664851
2375107792
2461129929
1937141710
114462447
1259199996
3681713285
1703787226
1256401675
794353128
3320011777
4053576358
3189206247
4107399316
3676878653
3998796594
1684271235
2049409536
2557381177
4131678334
2188055007
2558705196
128225525
3082456714
1519971579
812880152
670713713
968558934
2684313047
429696708
1645930925
2708890850
988938355
1629449008
69825449
3298422062
3143774415
46664284
2172428645
2489036346
2499480299
150564936
4061851361
759591942
16607943
3210299636
234264605
398838418
568061027
1681653856
2682886425
91356638
3298225087
2228273804
745647573
387717610
3688400091
4027415416
1210864209
2006575798
2429588407
3965376292
3658662541
3612474434
2245047379
469778832
1165359753
344431246
2796044975
1011869372
934983237
476500378
2730515147
2878517928
2513793473
3503320422
3975665831
1639207252
3313920253
2129000946
3711916099
3350146752
1314232313
844481342
1341470111
2579003116
2387524277
4050048330
3741420731
3224114648
4269624625
2915367958
2427599255
3409491844
1126730605
1980548002
2555828275
2102118384
63926633
873953262
2224866447
2419946268
1189395237
67577082
4155185835
2705106184
3444237473
4027750086
3305027207
4017818036
2844797405
2635159890
285619235
1503202592
250250969
868726942
3464359807
3318864716
334739349
2465382570
3045852315
3773259832
3844421649
2517908854
2426163063
3754837988
2736014413
4244552450
2063363091
2954493520
3899512905
1075938638
1832367727
3274223484
3014832133
1570023514
858999435
1611614056
817055617
1793388582
2819228775
675639828
2647382717
2006968498
3551035395
991009664
1222665657
211803646
1177098591
599060396
1612227701
1410849802
3438275707
2119654040
308024049
3059723990
1569117527
4289955908
999157037
2004869730
3526979571
1266869424
2559127337
2709373614
3564181583
3316227036
1054643429
1197956026
282126955
1243781576
3561396833
3978262918
2433860167
2007730804
3253828509
2682890258
3617471459
4180728288
1601123481
196490078
418296639
4193891340
3514138965
2569938794
2930066523
2962490616
408542673
1618956342
2691287863
2894100644
2320336397
2095593922
3733316563
1386117904
3042539017
218378254
2319510063
3025680444
1696229829
3956752154
1744566859
2911804456
1211948353
4003082982
1460531239
4114961108
1907952765
860264306
1801414595
2366556224
2983129977
3420633278
80133407
3141019756
2193772085
3532497610
2362427
2075483992
89561265
2991268246
3728552215
332208388
1225461485
814727458
2086258611
881115504
3692473577
2207042926
3130993679
3620504732
1596206757
2168214138
741112363
3295366792
2563641377
3006078022
2901839367
1688914740
1155173725
3675174610
2036597667
1539532448
2604114521
872246814
598292223
101207244
1253509909
2089700906
2195997723
3486738872
1670005649
2509972214
2012808951
254896484
1837008845
1104050306
606935955
3427645392
2784547785
1374657230
3984842223
2761851132
565306245
1240372698
1826253323
3033575656
1311912705
1253062054
566467559
896791444
252575293
3432646194
2284064643
912700672
1927364921
1994281854
3951960287
2768380204
3154884597
529017226
341699579
2298881048
959241841
3225900118
2861911255
608528836
694153389
3959185378
3933724531
1628528176
2822236841
285513774
115802063
3144035676
1568376933
2487617850
1434307051
2429993800
1822508513
2432401158
544020935
2201537524
3758841629
3376448914
3122105187
1511043936
2349060121
324888798
778926783
2394793356
628643029
1339241706
2919826395
1868926584
141977937
3022501302
2399797943
2225150500
3932637581
4134631234
2142376787
2783425680
1946939785
2778973582
1187025327
3904604604
2134449477
3130698906
764320203
1452639656
1951615169
770111590
4025157543
361845844
59420669
509228274
3451287363
1876517312
903302905
3562188350
440353951
3855800812
2444550581
2915528778
1700629435
923379928
3483296817
3205777174
441395351
232553092
1514967661
3028663970
810792755
3119037168
2527914089
1084564206
1225298831
624334364
2946671141
591691770
1485101483
4028954632
1635793825
2504696262
3006621063
1612025012
21229789
2772374610
494457635
2363015200
3147021785
3499500446
956006015
4175019596
3346620053
3854359466
1809023899
2148168504
148786961
4209313910
492617335
1234143972
1590152013
93402626
3839150867
674001232
2572341065
1591783502
95880559
2507100796
3547338501
1083933530
1440254347
865933928
2891980417
117340966
1766077287
2187162900
2632917437
3276219314
2681642755
841404032
1685134521
1795148030
1889151071
1114264236
1232980853
2953541386
249752443
3598708120
2859248113
1299315158
1160430679
1834109764
428930093
1424743778
565006067
3888830384
20293161
3375263150
3502499663
2315108060
2337897445
2432153274
3238111595
3809864904
1227551073
2396685446
3977212231
1208028532
3594797725
1774871314
3880245987
1289456864
1940351897
1382522462
51593791
1763481356
1450846293
3507176042
3087254363
2994870264
646051025
1754471222
447822391
1522318244
3898608909
2582492354
123028179
1541139984
1334668553
2489735950
1512519983
2138692412
873910469
2662406682
1366833483
2896654120
2820191297
79085030
4119797543
681072084
3908785021
371249778
574916291
906951488
678341241
2175116222
2388577311
1065913196
3911611701
420756938
3970829115
2015949400
1800810417
3391122582
48766999
2674318340
1693259245
1475263522
1380230835
1400353904
26354665
559970414
2916678415
511420316
3865056677
2076026
3669244203
711565704
3043059489
208348998
364592391
1203457588
1288459357
3517084114
457482915
3000572320
3187595609
1066522910
208979455
3292934092
3090854421
1686006058
1314505499
2005695672
3810613905
3153194486
1053259255
1961405540
1693454029
2655449986
1525906067
162933456
2424031945
485803470
869346543
1000023036
1995262597
1469804762
1278060811
3799286760
3644656129
365936806
3163278055
1963062932
3043968317
833044786
952118915
4099008512
1804597305
520371838
3545051103
569213996
913235701
2611070090
2592008955
3972314904
1947956593
1407164246
3947314135
3235523780
4196464557
139352802
366591603
632246576
1904370089
2147173166
2953301711
3614462044
1987473253
1400661050
2975631595
1189090888
4158889185
1555859974
888719559
738479860
312223261
1468481682
2100243043
2542888544
1683621657
4275360734
2497710527
2937489548
2457533397
3000389610
2861925083
4293501304
2155642961
1942061238
23032247
349396260
1916260493
3176985154
326070867
3128633232
366864521
2404118670
1114955951
512961724
833848389
2920974234
834197707
3049543848
1905074113
3909714790
2784638631
2488948564
2416637693
4036653042
2265552451
2779747520
3616867833
165386558
1596281759
3998825708
3071740085
2859731786
1947568827
3306372056
3866917681
3379532310
1443370903
2926329220
1458346349
1892333986
2150405683
1194438128
3938869097
3686714862
1729127055
1771813148
2975631653
768465658
280664235
2033797896
577868449
2391715014
310908039
2174488500
2507388893
909692754
2428989987
2479125280
4034458841
3069218462
2618625407
2387452236
1257964949
2396190378
142017179
1012500024
5465617
3468809078
2587438455
2000473572
1844925005
1643098370
612968979
3068847184
1500759625
1110170446
4124202095
1025635708
3123281413
2767085146
2916731019
3344362856
1657337217
3978561062
1503289959
1935767572
3331221693
3988414130
1893776899
1122500992
3594376121
3370890238
296171359
1770763692
2967401077
2018185738
2503076475
1372881048
2755215601
3381675222
1525330775
81595972
3104832301
1545853026
1694313971
1623116464
3340639529
3949664430
582137423
1237180892
3436339941
4057207226
2223925355
3258269640
113985633
1889636230
908664903
2504167540
51579293
1752636946
2580380131
3293152
2887492249
1319438686
3788755263
2259384844
125488981
2335464810
1673413211
3717999352
610667473
3417499190
18131255
2565144228
1978569741
3065982914
1107337683
130375952
2499634185
1280607758
2108262447
1812430396
638531525
4275500314
743471179
2011972136
1588628289
1356810470
1059868199
3201784020
1723439741
2210860402
436577731
2226859584
2437570937
2733936318
2324880159
407170668
696687669
4159101130
3650357819
2747827544
1326565041
3003234198
3517910807
552378116
508239085
1427748642
1477150131
3675694960
541694697
633348974
4071541263
2895563420
3197631653
3259959418
1486354475
3801347208
917552673
2444571206
3885755399
1941426484
1228544861
2835492050
2617328035
4120562848
2701267033
1823622174
3856422143
2096108236
2914670869
4206527530
2016100891
1416728504
1853125009
693418230
3987858679
915140452
1742575053
2794155650
3751139731
1976212944
3258630601
2223370446
3384441839
1073989372
1260695941
1049906138
3638355979
3896792808
3607355649
50023334
2121267687
3816552852
1045204029
3447749682
1714965891
3823704832
4068126521
2662738302
698891999
1061480236
3872261621
3691470730
3707496955
2343520792
1220938865
2760108630
1377118935
526053316
1147010733
2792117730
2904006003
3740877872
3490240681
3246255662
2797903311
2263249756
1013798501
2180955962
2560051179
1528129864
65139681
1082758406
782268359
3921400308
363392285
1922694034
1529006435
1287526752
2565619225
2010660574
3891173567
366701452
3816399573
4028984042
3246260699
3516511352
540972881
1718045622
3620790455
3438387236
3783546765
3692326210
822661459
2310707856
2599149449
2172656526
2311401391
232181692
3207195461
2800116378
2671712203
4179569576
4253218497
2990018150
4280640935
235887188
3674684925
2779163378
4181243203
2570176448
2744040697
2196800574
245850783
3813384172
1853173685
2540480074
4213803451
2588462808
3004568113
2094456086
870123159
3706192004
2835914861
1524348066
2011264307
1428594928
1880872553
3043260654
3467915663
2372721692
3155324965
3550688762
273438635
1819909640
2149509537
2346629062
3539387271
2215547572
3592388317
4294871634
1525813539
2656839200
496643033
2530671006
3888815231
3056436300
242789525
1043665322
2071363995
1171560760
998538513
3249184374
4147223671
2564165860
1084414285
3256495106
706316563
2354403152
2563816777
2583889486
763994991
3930101884
3621709061
982333786
725026699
1262272616
3287141505
3444936998
1762431335
726760212
2326376381
2801375666
919002371
2639606912
239504057
3596852990
424691295
3373865132
104601973
1557572874
1339877755
542446488
1874974705
3669659606
2395382359
4132688196
2315977261
1026020194
2351500531
3864968624
1514312745
3090400174
3124593999
887751900
1934051813
435973306
1266100075
394302152
2099748705
1114937990
1549717319
2406486900
3093155997
1274009874
3744405731
1127543520
2026625433
2960028766
2771411007
2191940876
1417115221
2007595114
2715074907
1642216952
2181440209
970895670
1133778999
2532917668
2734234381
2203888322
2122842323
2254099472
4121516809
3838750990
3838301999
2852200764
2869141189
3158888474
3901011787
1063064872
3691274817
2199114726
602242343
3892468692
1525932413
741951602
1117963459
2836619584
1549932665
3754916286
3915573791
1970098540
3017982773
520451018
3067480379
781457496
545873329
485425814
982646295
3361628676
3844416493
3624972834
2108581043
4217477744
2822574569
1085001326
2032179471
2988305820
1472979877
2009752442
2513942315
485115784
2361136417
4077600070
311991047
413160500
2854478429
288221138
3952730275
1409843104
3024176985
1801367326
2682250239
1611003340
2604007445
4014120746
4032348443
2525143736
1971554449
2378400758
1958237175
2216374884
3863420109
177990018
2719234195
1082855632
2872424649
950213582
2671758063
3789056508
240654469
2933466842
48768779
4131400168
3079059457
3258111654
1466968295
2967600276
430297917
1344649010
9202819
892096000
2007066169
2784236670
3734982111
755517996
1026108661
2428041866
3419728123
2512772376
657236849
1647588694
3472824791
1875358404
2014774701
1985368290
2687597683
3169793840
868962217
2240583982
3676138703
4190672476
526400869
3486325306
4214097643
4252417096
10242785
3965886470
4251199175
3965670644
1496429597
3396908690
1139959907
2845232224
2579133721
778545630
395913151
4077670028
2289322453
3082847722
3804397787
343263096
1471983185
1008277174
39735223
3707495204
2823609997
43509826
3363713107
1134955920
1932908169
742409870
212958895
3867570876
2543604293
1425948058
1713460939
1353055912
2285161921
963811686
3949761703
2997902676
1417643261
3984516594
339989571
2053110464
163869689
4019285822
415592863
4104782572
667899573
615596362
3935930555
3869925848
2775296305
2303338518
2748183959
3377447812
3231754093
582528930
124933171
331846640
2527939945
2106991598
1878261903
3232366364
1069831973
3301216506
1194989227
4192596232
3934797985
1027261126
3833688711
2540508596
860308957
2995799378
1811460131
3701463328
3002557145
541680798
203172735
2692310860
2180141973
2749574314
3033661595
3430657080
712086545
2208262518
608570231
3730527204
1187668045
3591415554
3850758163
3630942800
3345593417
375796046
2631725679
3435871100
2626702341
2977436762
3186640523
4014904168
1070506881
1469258790
2275065959
3660414484
1497429693
2667893938
3783851011
1903060864
2089501113
1130859006
2006275423
2433907628
3113566325
229525514
786688123
1912710808
2097573617
821091030
3502149975
1907790916
4236380461
2818035298
2268130291
2829758640
715328297
3750260398
2271499343
2072127452
4005048549
3111176122
96200299
318236104
473953889
3025380742
1336966727
1720292980
1713674141
3291780114
2808920035
1172547040
1236799641
667148126
1026092863
2366455820
2909805909
1181389674
1648836699
1867796728
2942450129
1662417974
3526330167
2230944932
3749683725
2948998594
2901106643
127682320
3784397321
232053774
2139235887
1768342588
854853061
2265361178
1981085259
855238696
2417244481
1263820518
2478484519
3558432468
900343933
3212280690
2350638019
3541537856
4189441913
3895878846
2597255455
2265035884
4164610613
1047531210
1953761339
1217112920
1337783473
3085454742
764472599
3317441796
695937773
2429791522
3006088115
3831008624
158107881
572750190
825124879
1594953884
570149541
3499212410
2188604971
158112392
662924321
3765258310
2259765767
1718933300
3750340957
3123028690
4195254179
4263654048
1740406361
3952548382
712995583
2642925772
4037912341
4061575722
2799845403
1841280440
1749983121
2570997494
3285893879
2375447908
1345102797
2054710402
2456721299
2583135184
3144462281
3914090190
2757827055
1360596220
814186373
1483342298
3125765643
1013447912
3938815745
58089894
931944423
221511572
3078298173
1771500082
4156328835
404455680
1795431737
3837656958
3794951391
456633644
2843759605
1773573514
1460267003
990408728
2135898737
1022394454
1376061655
3793778116
88870061
671894498
3743898483
4019268144
214550185
2082948142
1024605135
1612101980
2404328549
3974591802
3374368235
1577324360
1578279393
273132294
2437141959
1676597236
1295416093
253981074
664668003
3726344032
3603213337
3531805918
333428415
1990799756
4050317525
3114770666
4267900891
4168997496
2532754769
2765545910
1896332983
1962026532
915498381
3773260610
3385823059
406683792
247188873
1066168718
3141127599
3634501052
722123077
1751259290
1985975755
3965243816
2174919873
783885414
1523565479
2990366804
1819528189
2015568114
3358257987
2033855936
2050370297
4290665022
1837072543
1383359980
1394965941
37870666
845514683
3661100248
763183153
2664002326
2514150551
2745403012
229944941
2019666594
517944115
3004466928
3464152169
3830697710
986697615
861086236
2893168165
2972838906
2776880555
1367229448
3517814689
1386401222
925376903
3954677940
485166301
4260233298
3017494307
2123336736
546347481
55037854
4178164351
2100382284
359135893
1876772778
2760474523
5160760
1025157905
3298833526
292977271
2009896676
4033734477
1305682434
1187923731
3408805200
1430170441
1733647438
869024111
348249724
2017309445
3115249498
1443202443
3817629288
1181448833
1004316454
2772758375
2952102164
2723429821
2245791666
1629952771
4013136512
2433480889
3220665598
477520991
4051164844
988440437
986833674
575072123
1994013080
1007093233
2083726806
282230871
2802145092
2155155501
1284753762
1175767795
3617760176
2822734377
292100526
2049385295
1300646620
2938443749
2150703802
2740757867
3835377864
1410616673
1983819910
1977671
1250892148
2087149213
2168803090
3800454883
943610080
2397063065
1688554078
2579332671
3588236044
2187641941
2809638506
2501230427
905077752
477778129
4149888822
2632382007
2464532388
2608998669
3959136450
3173695187
3146365456
3367323913
2003240718
1037595951
3661129532
769682629
252741146
3305190731
2193799976
3940552769
1503717862
2125191975
3004981716
1725722493
3984703090
3866165955
851953472
3645212281
1814646718
2396456991
2097289068
1720652085
103197130
40765243
565132888
1286376369
871209110
2594954263
1225123844
1531785709
794994722
3901235891
3321593968
3017277417
2049385582
181942031
3815781276
2368188837
2091194746
241906987
3625643400
1996931873
165368646
870709511
2369083956
1500213341
1407802834
3076464291
602400160
729003353
2640020766
1975190015
1702214604
505499157
3006715178
2345123611
170444984
3067459217
4223998454
3407426039
2197665892
361638605
2787172226
2695165587
2987390672
1658824393
1182888398
3374213359
3183849468
565372549
3947289818
4010976523
3938177000
3770705409
1992682662
247760615
678560404
2278318397
3386125618
1003006595
3166090240
1017304121
185854590
610364383
970133548
2614328053
385888394
1855645435
2876703512
3241005425
3837315926
3408328663
2791651524
1543312301
1804486370
1509505651
2799639856
3406052777
1431170862
3164801743
3922779228
4231662437
2303578170
4067394795
2898092616
2353330401
1547220486
3661595847
2154453748
1639399965
4036635794
4129662563
441201248
3221938969
338329566
3435283903
3501331596
2388498389
2782575594
73367259
2914119032
1307368529
1352707254
332213687
3302254884
4233227405
654499394
620555859
931197840
3716007049
1801755790
2237537455
338278588
3916767301
2433872794
3220821195
4231505064
1506573249
1108062054
1028584103
1018585940
2464420605
4120075250
82711107
3317719232
1692656121
1668760894
4241854367
749390060
1618453685
3760093002
3264054971
2767292376
3142244145
1834270230
4194554775
2615363972
4502893
198616482
2921861683
1661827568
2273590121
2577234414
524787343
359154972
1914447141
1223378682
455709867
2739050248
2777607841
2081872070
3135950983
2968394676
51041245
2451028818
580513315
3022733088
3596996825
4023532190
2660452735
2085956940
953786773
1378050730
983367323
290312760
3816800785
883752822
2932009335
2502547940
2911727181
3647053058
1039312403
2493296720
2991563337
1020299086
3797389423
4062478716
3672578565
53594714
3816211595
1475754344
1204048257
707932710
2987073127
3702096916
3588457661
192891570
2778806787
1185205632
3150491577
4229128190
4159927135
441008556
4198207093
2487320074
436594299
1591659672
482581745
1820422358
1057124183
3326089796
2246317869
3673932898
3100944883
2739312304
1125644585
4258645166
2189816399
3673583068
613285605
507346362
341402731
3161099208
2493817953
943045510
1571281991
1803590772
1797662109
857868818
2155607523
1246039008
3091496601
387102046
2867727679
2367620620
1129671509
1255197034
708853339
3854333688
961439697
2796163638
2478466359
4038986404
1191227405
3892124610
2672172499
3525520656
454377481
3515167246
264946735
745933372
197710789
73818394
3309925451
1589087784
1550313281
1576629478
3568896551
3037422804
1586148989
1717041522
1101144515
4163107392
1796291961
464009918
3044742943
2272164460
1860122677
640238794
1355023931
3925791064
2270700209
1090446230
1910688535
2184948484
3936041197
1673372450
230621619
3494540144
394229481
4172730222
4129162767
1866159772
156211365
738489466
700380203
3103080584
3947239969
525688390
171354119
3168918836
2278111069
2390300882
327925155
4116289696
1869016153
816574494
1905430783
3889143500
2475750677
3802329130
2399747611
2612911032
3508063633
1700259062
2054398199
2488335204
2792075725
1033198210
3166131603
3100928464
294559177
4365518
4252481519
1474188028
1373261189
393197530
2435965963
825991912
158809345
3424745382
3440948711
849085844
4204374077
551381042
3165702531
1392371456
1551731513
3371554174
2502720223
3101324076
2216862197
1217776522
42460667
387028504
1556637809
160241238
711255767
3969252292
3962182317
4040966626
10951027
316215344
3732583593
3238042158
1238358479
3338075996
3592483429
1426074426
1729774571
430093640
4214444001
2151006470
3361158087
1909579252
112462109
517793682
2676573539
2385044832
3314358809
2740841182
843109567
824637324
3477880533
744085226
3837263323
1678901368
3969839953
4017518518
3668876471
4238519332
1770943373
2229950786
3389410643
3513804432
1333509001
1606993806
1528720303
3374144444
1121683269
2131611290
854594507
2957146024
2159170241
594164326
2196382119
2182833748
936401405
365926130
3129815363
2415039424
969775353
3401330750
3066535583
3008179180
3217410997
1850151498
2333181371
1993808600
3201592881
2766932246
3225993879
3792637060
139508845
2367135906
2773283123
1404202224
835301993
1299391726
224095631
2531878940
12717093
1005625850
2552976299
523430408
3593225633
1771496390
1607040903
386965172
1436981981
520975954
2822016291
2909991456
1148651481
2515051934
3971537023
3454341196
1548175509
4206198186
1728871835
796452152
2376128785
2210777718
3962263671
1718820068
3995661645
683415554
3136488723
1689723728
1318885705
1188541006
2558451567
2498962556
881623301
1040229722
1447297931
2089553000
3017353345
3532897574
2649574759
2420737812
1676594109
3756950962
2667010307
2814509184
1824614073
2814069502
4195123807
998679724
1737012597
3388807434
102819195
1510956952
2403087345
2983967702
1263427159
4284931396
2093948461
53460834
3480258803
999721392
1798074409
1422815150
2424357199
1406308572
3203589605
1133893818
1219634027
3395673800
1307638625
2855847558
1481476935
4183695220
2724261021
2311767314
1900909795
2885140192
904181145
4010549342
1622842431
3804883212
1614942805
3765822570
298237275
2930936312
1977515729
554032438
2796147767
3464646052
1375418125
1405785794
1128103123
2070454288
1219573513
3425656078
3847820079
2417995068
1017985733
386415642
1726853963
4141375784
1420541505
140378086
2246195495
166094804
2360671613
3657053298
2377072835
1395404096
521729145
2796758462
4273677855
3594968428
2167103285
1316478922
1333134651
3514459224
1874835889
2400988822
2738207255
2707254788
1197817837
3722747426
315744435
860186224
2757946857
1305639534
3808417039
846363036
108232613
2393886586
3295589163
3690697608
4097929505
3504040262
4188231431
628777012
3668115037
433378258
4271135907
2725727136
2744525657
1434999582
235282431
1419084236
3237780501
811273002
2695281947
1384050360
655877265
2247536630
3253342199
4052762212
1925527757
4040545666
3601183891
3729054928
930714825
3331311566
829228783
1331885564
821933189
2363790042
2427265803
1072133608
3572110337
3012100774
1653138663
1538394260
2145578813
515023666
1786046595
183572992
982794809
3462643838
613648863
3360544300
3530410229
2927060618
47244539
2916624664
3256811377
1533894998
1606342103
3836919492
634593709
1744190690
3274766451
1669268272
3073190825
1866417454
3566774479
663298652
2365839717
4294870586
388039403
3568568392
450733793
742312966
1267393223
1747280116
2888618013
1240179346
331932771
1773246560
1464553753
807228894
878404543
3355957900
607577557
4247056874
2406251739
1268650872
3809282641
827867830
3047951287
1281158948
3997629069
2862470210
2834017363
369875344
3568677513
3434672782
746240687
662503100
2805853765
3797264794
3208794827
947473064
1716791745
2194982246
463556775
2993449300
3409486077
2295845362
3641200707
131122880
1760776185
3851230014
2337648031
375099116
3775918773
1555803466
2079425723
2145955288
2820277553
4119811094
3634999703
2787561348
2514010989
2888080290
4098740275
3036897264
1028335977
2949959662
4111154319
3889597212
3361993509
977403130
210309803
4115610888
3548748961
3408064198
365178503
1310663092
2227069405
1422864722
883633187
2590418208
3670294233
2777354398
3548014463
2715874124
4021350293
429103274
433585307
2328885304
2877157393
1642763638
3115304823
464019428
574651469
3957494530
2916049939
1803392592
2586153033
896195918
1178742383
757974908
4113426437
438009946
2657960587
2169364328
4205444993
3842066470
1491827815
4208298516
3161854653
3005857970
1026127875
1116418944
334896569
1928279550
314675551
2234517420
4073839733
2349118474
3600278651
2557211288
57723633
4232185558
632704343
2189008964
3577095469
1966062178
2045274099
3499261104
2424104745
3327335086
2484572239
3894064092
3998469349
2688168890
812049003
1049440712
4026094177
2085081478
3759094343
606577268
2451026845
893354002
2767926243
2371252704
2009132185
2626784094
2871208767
115395596
1227536725
409403242
1000946779
3235159288
1110087121
376285238
3316990775
1546817700
745651725
3747877314
2568018899
3881440016
3246992905
392529934
2927845935
892686396
814588357
4143322906
2582508107
2066035752
1135318337
147753702
2183620647
3786238676
1633371261
4167593842
3130548163
1944084544
1700572025
3175747774
1519858975
2576040044
225674805
789740234
4001629243
136443736
1977831601
3460659606
514107671
3597349124
3786098413
1305975074
3888168883
518805872
3397543145
695870830
3246236687
1561697436
4103300773
1420241530
3464131115
1898833544
33081377
3463279686
4062971399
4143899444
3254306141
2784792274
1752759203
1530986144
939612761
3153118750
991276799
3687277772
375669525
1281304106
2963291163
1584136632
684915601
228686582
2440855287
3401285988
3936010189
1877102722
3731886995
1382109136
1151372233
1231614670
1425954287
3562248444
790436741
4221922778
3716440587
1186941160
3004754689
3707538854
3205829607
3551792020
2275948093
1934876210
890570627
345001216
1189542201
3411913598
3264649439
2553100588
4139053045
4171563402
1601561595
2680863768
1630639729
2321132630
1530184919
3199959492
2029529261
2161915874
2442581875
3369137712
3306922665
269086766
1291679695
998720860
2430779493
977854778
4068721131
233921352
1531182561
273929990
1406833095
2472862708
3256981277
566648210
1122272099
3706080096
3846539289
1785250014
3272733375
3310665100
4246572245
3359378666
4101831643
2488673912
2704744785
3326479798
2495969975
3825414692
4202398093
1209880386
2980907859
894651536
3710626185
1647648142
3916630447
1598595516
2258392389
1793688730
1425052107
3302759848
2058485953
273371238
4151607207
4255738964
3172788221
4272688370
1348431683
1566243264
1649739513
1676281406
1786756255
2245390828
878057909
1534871626
2234352571
4029038808
3877346353
255762198
858169495
405443204
417122925
419272354
2334830387
3070251760
436772969
1891793646
3327593359
942648860
956422693
4091500538
1749209515
1435996168
228258721
1354430918
3436895623
2249827508
5384413
3814517842
3086863139
2869319712
156071385
3468262302
1121449599
675862092
1662424725
1589490602
1124039579
1397951288
2903967505
2132500598
122697335
3838419684
3117679437
3537178114
109560595
3639609680
82478921
3096053838
3684793711
3939789436
2362134277
1199725402
2884796811
2520494696
2352404097
293262118
3540364135
1280150804
1333352893
892402610
1882691331
1191208576
560387257
229581054
840081503
658860716
202834805
2321043210
2070602619
1240761752
3915473393
4222898646
3191487575
2138596164
4279839789
3774592354
2822522611
2453303216
587816489
40093102
2102026063
3352221404
582005733
3827994298
3145179499
1222673608
3938298209
1583537286
3840731463
467477876
2857007773
3850386194
193254115
509682912
3990430617
3483563614
2049423935
694398732
1846501461
2728663658
2548546395
1277341688
238202065
920744758
3772559927
3385775012
1180976397
986287298
2428517075
1173849616
4120716553
1663546126
1531556143
1270281020
1466566853
1412428314
1313485131
463341352
2573691969
256579046
3112736551
1818258900
1283296125
1906485874
3093135043
2319487808
2916901497
258800574
3104785439
20685676
2209852725
2012812746
502137659
3186985560
163768241
2927281302
3559888919
1365570564
695029229
1670812706
2089524915
3275705456
4192066537
1001246830
2174186255
522502044
1135562149
770344314
937570603
2827762056
2221678369
3356196678
3822105863
1634690612
2915732573
3807398354
1094294179
1337373088
2628292953
333787422
3904978431
2909095884
63433237
3870245162
2935339803
4018476216
1179259537
2891466230
3643469303
1339212900
2112636621
1790626690
3289805459
1160364752
2835579593
953032142
1479255279
380648444
3157820037
330451162
1740087563
1975720936
335790593
4168882342
3535618791
3399618196
2179562813
3468761394
210839171
2681962496
4051021881
1877186174
1597351903
1484299308
1626871541
3609107594
142009083
485052184
2852138353
1179776854
214348759
2863678660
1436102573
3951964898
1540929139
1926162736
2017860009
1398840110
2734573263
854681692
1371383653
3017751610
3913449707
4116360776
744903905
3698647558
3511042247
596666100
3096600093
1449990290
484188771
398917216
3749429017
37759966
3462693311
1494065292
3389010901
1033840618
65632987
1849309560
2535274577
1581242550
1744497079
4086658340
4264298637
224971330
3561646675
1598472080
3638403209
3493677198
2181519535
2692760764
1358347333
3368640410
3824865483
2238378152
768333761
2077088614
107196071
2480041812
2105356029
659310578
278040131
3230739648
2515713529
4124242238
1145424799
834426092
697843893
445178698
2529526459
4153398232
3956880177
2717510166
3217002391
1746556292
22860141
2208469410
1508085299
2309572080
939661161
1077683694
1899944591
3086274844
3264987429
415806202
2606272683
1879827208
4100737697
2858353862
1963822215
4009764788
945942493
2058790738
573336099
257035040
1074965721
3245598366
718374271
2434578764
645414293
2050215594
3531799195
3103923768
40640017
2337811318
3305940343
4057392612
618891853
2375256322
3038519827
3708714064
4276846153
2150970190
1218235503
4259777916
1801762309
1983198810
1859371147
3948250472
3632246145
134241830
4231780967
3031535636
2365104317
369374898
673297923
3844184448
85167033
670764030
1207938911
1371983276
592980597
1962404362
3835290235
2661882008
2970482929
1613929686
81406807
644032068
1786262317
4136874082
1248601587
2962121392
2463225129
3103813806
1008283215
586086876
3423181541
3211192762
3655622763
425711560
2923298913
9037702
1457952839
276736116
1526284701
1250752018
2498392547
2400704480
137190041
943743326
3184019775
2052231692
1055917909
791491946
377633371
2157757176
1240908753
845233718
3894419767
1196889764
265473037
368773058
441162195
3342924048
1424825353
1601560078
3685482543
61118012
558002117
3736456474
1946316875
138598952
3319743297
3419644134
470140455
3657396436
3189494397
4121486706
1996398019
3326920256
1754798457
1293674174
170087199
1029178988
1408750645
3643519178
3451126331
586489176
2606661297
3753643926
3017180951
1112192772
2393593069
3475083042
3241311667
1346256752
2725597929
879590254
323830287
2829050524
1673999525
3396984954
4037406763
2987822216
3952834081
1840613958
3197199367
2496391476
236475229
2159019218
2027305379
2950194336
1099679833
224762910
118017279
4184812236
4180119829
2940951594
2342992411
902440888
4017957265
303763702
2297781495
2966816612
2629422541
2438940290
2006503827
3869128144
3567417801
1153386702
720696303
1182326524
1213196677
2232099802
524738571
4243779304
1739233537
3053953958
2374070759
1887179156
3735471165
3774501938
3773384067
3704795904
2856347449
1811251582
3933255391
959446828
2167881205
4192483210
3990086139
1429463576
210420849
1062617686
1685365463
3633383364
733361837
1477193186
301372787
2440617008
1085051049
3913500206
3332052431
1036487516
1066700389
482449210
3948756971
3136291144
4265913313
1084353798
3016617927
1218963956
4286522653
2548028306
2444214627
1246998880
3052271129
2812516062
1179848895
3006432140
4208909013
223232746
2914122203
155864184
884952913
2839913398
525097143
2870196260
1767411597
2860533058
12831059
3286643344
936089481
3335615374
3862407087
455337916
1984766789
2884975258
1549864907
2854601640
4020350657
1968989798
946789799
2766631508
2086237693
2998436594
161590595
1634951104
1942779129
1263000638
145218207
1242478572
819357621
1239514698
2696511931
3324339928
642959921
1572943126
1853128343
3321239684
3210270829
2618526882
1350069555
1560164592
121081449
3460419822
3854739855
2535846940
3576801317
1493044730
2513063851
1957443080
4160332193
2282688454
4267457415
3100814004
2632824541
3403440722
1664551203
4148805152
4011058137
767185310
2070353023
207395916
2849367189
469100970
3093461403
3957141816
461190417
916518518
3806663799
1926244580
3547271501
3424519170
2844557587
2816012112
4163401033
1013734990
2100566895
2523246716
16391429
1446252890
3608215435
2962970728
1334084737
2022828326
3297642855
1677824788
3841189821
94597554
1424479491
1290718336
788284089
1909651198
1149812319
884224172
2828358005
4225991946
35971451
3330911128
3396767729
3653035990
3918928471
2805590340
2270378541
1710730082
1350042867
1536054704
1339444265
2586385326
3229875535
695934172
1516143077
3790554298
2074943339
3758828232
2860144481
314372742
637290311
839658356
337905821
342208786
824971491
259689184
918393241
2255080542
1711593535
699233548
734834261
1845645418
2809706843
2386744824
1702288081
3102542134
3414134839
80435620
4173157133
553157314
632486099
2604035088
1333334793
3159361806
531255087
2365471036
4262909637
1183295514
4212567883
1897114920
957553217
3999804390
2577331495
1519023060
641079677
880484466
3866868931
1476720960
93311097
643223998
1037263391
2111859052
3996384053
44714954
3990225211
1730195544
2595624369
302602902
2912515607
3642522116
2170903533
1081641506
2780126387
4125700720
877185513
3283691118
1721700623
696714652
3302693797
3663018874
3905269547
3184320392
2810629409
1869321542
1919816455
3239341108
1390549597
792444882
4283357347
2879788960
2527788889
1483867934
2246859775
4024765900
1719875605
1446213418
917813531
1631271608
2490122385
4008303606
2430323703
499468900
3070448845
2479866242
3908513939
1723771088
930967753
490501070
3176809199
2477621756
1130582149
4289724122
4096925451
206488040
504197121
3315543718
3747717351
4114748564
232786749
1509920562
2719835267
4218807808
3779534393
1871932542
1413989855
1783849516
3346162933
284545674
4287422715
2024437016
4174470001
627477846
1379832279
2019412676
1800355245
1985358050
2750444659
1422839600
2387543977
2175922478
2815681743
2349444700
3395777893
619704890
3906207467
2393986120
1088357089
3973773318
3950091975
850095348
115862557
2518584978
2438946915
2760664160
3634113817
177406430
450731967
63137420
4290347477
3880345066
3788929243
2508611448
3927795281
1465347766
2864302007
981334820
2885752461
3479420994
655960147
2469504400
1777700489
4126252686
100923055
4281567932
1721731653
3295483290
2921549515
1661769384
808682945
2901864806
2106985639
1625847124
699514109
1357954546
730647619
1879151296
1809984505
340313918
2812668319
4274854636
3121647285
2575702346
2466873531
2347170264
109601073
4069818390
793079191
1639832452
3268468589
307267490
1592347699
1627335664
4155049321
3402857454
333609103
96671516
3770912549
1686071546
1201147563
2474150152
2286090401
2580224710
1489431175
328281524
2650111453
2211323218
1797105699
2465034528
2253462233
3280780446
613983103
3389554508
1563397013
4093904042
3835558043
467944504
1749699601
821412214
1356432247
2545249252
896964685
1047822082
3554205715
1766810192
1621191753
2637138254
1768385135
3830469500
3180037125
2541677658
3567926923
369961832
1631935361
321877030
469514343
2319291924
3345690301
3020860594
3867800579
2926051200
253819321
2604065278
397266271
889772
198080629
3474661386
3289112699
4053155480
2778408689
408105686
1550715223
838642756
3316269357
3743917666
2858410995
3275376816
3390489385
1440597678
4203400271
192102364
1034905829
4223901626
2429673067
3437395400
1332915809
1157365126
1110308423
2961550964
1170919325
4077546514
3494490083
3481877984
3918121113
1780430686
1658677055
1735677964
2762298709
253979498
986396763
2769611000
3501388241
2055525430
2063269687
841718948
1898174989
197262786
2734053331
4057456400
1430325769
699806734
390372911
398711868
1575435717
1000702746
3548835403
2249228328
1661137217
654882534
575939623
503412436
4107034749
3726203762
4141145027
1869163584
4106454905
1260240062
1142911263
4074032236
3261866549
2759124682
1850998843
3128443736
2009705649
4116882838
2977457431
1171930372
1906008813
1738245410
437533619
3829409136
525877481
2576404846
1804394511
3520735388
3605725861
226268794
272723499
4222562952
674112545
2100142150
4016488967
373878580
3962036573
2660465362
3299047331
1931463328
201733721
2768925214
1433135871
3234263244
3151683349
2338820650
2686335003
2715307448
2769770385
4072974070
3772660471
3332410724
1019796429
571227266
137465747
4119534544
1100244937
1917165262
4284191215
776873212
494057349
866179546
3598278155
3554055400
2804696833
3611474342
3093155815
2297698196
2140492349
3922774578
1076724611
734337280
109696313
717051774
2361054431
467846444
2745797621
3428019594
765583355
3075278872
3738432113
2827147350
3324281047
3122040260
2221163693
4134282210
29774707
3973104176
3509419689
3433864238
917025743
1303892316
1647729765
2087341370
3517365739
2694752072
1681218017
2434794246
1748061639
295366644
1053602589
19483026
199950179
1450252128
3079037977
3675155678
1006907071
2059422092
1217407189
2073065706
2421618651
1122923128
657947985
410335670
4198708919
3520347684
908434829
739457858
927631187
4247328912
3747317129
228444558
3513533871
2091855292
2448290117
3257987226
3376516555
3760155048
1602313409
3533536358
3319348135
4157962324
4119200765
2985621746
1716775747
473679296
3996377849
14004798
289405087
2146926060
893826485
3111564362
1572175803
2027195608
4235851825
276024086
4063386775
1802608260
2076501613
2522448546
1966484275
3316391664
2035711081
3857786606
3953018767
869022236
1431402021
3947676666
2697055659
4235254792
357060513
2408785350
1951242631
792441012
2876851421
1435228242
702564131
305996832
1976193497
854271902
375796351
4196426316
2961519253
2992512938
1194686363
2031572792
1490248465
710315126
4276744823
2424745700
3136954189
2492922370
604061459
1366414672
2824233801
1384035406
4248222063
396818044
286845701
3927295834
1470070155
1269497448
2109878913
2279145254
4068894567
1466276116
2757653949
3511019442
3439858435
965554816
360820921
1411828990
2976832607
3822253740
3171131253
2661202698
441376635
1338954136
2994454001
3421863382
1298266199
4138430276
2508015661
304324962
1210303219
395459504
1905474089
2619240878
3660421967
4174865116
3858517989
3169057466
156409195
266719432
220661089
1195837574
2608571719
3152753012
1609406109
2524653330
1648578275
4282642656
2425487257
2472583774
2756834879
1671904012
427424853
3264251498
3229202267
4111662072
4222290129
656973622
3868356151
4286046116
3909509389
2253879490
2182461139
4213527056
3594846473
1470652174
2994400559
3556081468
2964563141
1846500890
3981651275
2000245544
3014576193
632635878
2787463975
1415870932
2581505917
2726532722
2550790851
1014587200
2788376185
1802545086
218595359
3426037612
1084246325
1854636490
1059979067
1291572824
2727953329
969404566
2943570967
3095658500
3477957101
4102717474
240065203
1262688368
3550722025
1710521454
303476495
3516484508
167176613
334492026
1461267755
2612888968
3717298977
1190898502
628846855
3295244852
1240049757
2125936082
3100907171
910523808
295529817
2737757470
1703377407
2618610636
1764656661
4276596010
3085154075
664887480
2440982161
3450565110
1761389047
3681013860
2651480781
3960780674
3309825683
3271790288
1659330249
4091201998
3774406895
1180354556
1182670469
3504190682
3055328523
2206885864
1929846273
2599568550
141950695
1536301716
2747701565
1080952114
2870583939
2646625280
2315815993
1299399294
2211046367
2111711276
2245833461
3690793098
1746067195
1092328216
781355377
2024481622
2955309015
3451605188
3874835373
2286821090
460862067
2306782512
2034759081
2050180910
1662616271
3000104028
1996571493
3543181370
2513796331
548928072
3628576993
3715173894
437058759
360084212
388856349
2298479762
4048723555
2416036448
3266091801
3373651934
2579938751
1210657932
1164103637
2049151978
2838722267
1099072888
1544393809
2627667126
4259882423
2702606628
2009474189
1888400962
559408723
835488656
134053001
3184915598
946902191
3281440956
1748523077
1430309786
2646330571
1365130408
3985322945
2521827174
20474535
2578348884
1339443965
2244293618
2851539523
2518808768
1791072761
3236863294
896927647
4253933804
309910709
1504923466
4038950587
3169722328
2015858481
1734284822
2805681047
319906180
1513418093
3626925474
2204043827
3137671664
4232049513
3483029998
1559631503
1363238172
2732285221
2640715514
2437385387
3751096072
252290721
426193094
1089489031
1003631540
897125341
4027945810
2407458339
2771965728
763332825
735416990
1087357311
3433317708
332847509
117717674
3492345499
863398456
1561885201
3536017270
3709231479
2370040292
3556353613
2122675458
2315623955
2420131920
1061640777
207216462
681707631
1617533308
1805799941
4260930138
1341176971
2171916648
351996289
2257488422
942446183
4219051028
3956128957
222896818
4167184899
509502848
2988337081
1285732350
30141279
268720556
741656181
443438602
4109229691
288580760
1628984561
2762197206
2893145943
625357380
1724665645
2934676578
432251379
2291543728
3058413865
485170350
1332505167
564626908
3276093157
3578811834
3576650859
3642041288
1402428513
3382580102
568677447
2218570868
3532414365
2931286546
3608735203
3467289568
2614507161
2989362526
442664255
1313218060
4199195477
944349546
679753307
2923237112
1449074641
1859676726
4265991479
2628788900
3496273933
1085862850
3004241363
3877553424
1116010505
4129720846
3779935279
4052951612
1719405509
2378512666
947612747
1955472936
2601951041
2590887142
353534503
766737620
2238508669
834261362
3122338243
4013265472
2313090425
927961790
2290847519
973181548
3637538869
284040394
1348730427
1319856472
2334448305
2402892694
2542420759
1629078276
175861997
2537913122
1919285683
1525812080
3240832745
3638830958
1245478415
1489268380
3456028837
2645511290
2907499563
3455572104
934335009
2094380614
78389255
4218811700
3693571933
2141647058
3420501411
622276768
393258073
48187422
2789148927
2983114444
3732811029
1622394922
1845835291
580285368
3382805905
798899446
423041271
2350584676
1254615501
2716414594
272256403
4280811984
192304585
1375466702
1379020783
198404860
780502405
2271645658
2199641099
1265253096
4053660929
3232616358
3215601127
2635865492
3933462589
232210482
3538010499
2171043584
3687007033
2276797822
695530207
3225783084
3725318645
4025656202
2665471483
1175858712
1477255281
1172270678
4480727
3813413828
50483885
3690732002
3775271283
1524148272
4137577641
977662510
489050575
3948418908
2026383973
3645047610
627063787
1056787784
219547617
2177767686
4043615175
1849554420
672029
3718430610
831929699
2168356192
1779356185
2225685214
606424255
2617118604
1714517717
2466426602
476837339
3242367096
4171213649
2480197558
2779387063
3628385316
3772951437
1289105730
3577824595
1629224592
1406890889
3063553934
722527151
65696700
1501478725
765240986
462556107
3871936424
1246825153
2819527270
531863975
1987280468
2829226493
2086760178
3866503491
229911488
1368084729
76777534
71833247
2811249644
3248948149
708569674
1008827835
2285089496
3918603825
2807456022
1046493847
2291999876
3458266221
2278520994
2036590899
1896482032
4033178217
936410350
1474946447
2384625692
962675749
717978106
153701291
1826980360
3850829217
3880205254
2930702215
1767159476
2884948701
57364050
2348385571
2078312992
493928409
1582038430
2480230527
1905535052
4146364565
2717275562
1870165403
2063695160
3843658001
3661374070
3680424055
3186439396
4034211149
2889871362
4125490451
1438301008
2507428169
2059471438
3685308271
4002954364
1026013445
2200403290
2912811915
3882525800
2532302977
3209696550
3706635623
2792988436
230228925
404250034
1486377219
2363201664
1425481401
